--- EPOCH 0 ---
Avg loss over last 500 updates: 10.638581099033356
Avg loss over last 500 updates: 7.897266454696656
Avg loss over last 500 updates: 7.108201433420181
Avg loss over last 500 updates: 6.11467716050148
Avg loss over last 500 updates: 5.999044306755066
Avg loss over last 500 updates: 6.403937205314636
evaluating..
Evaluated 500
Avg evaluation loss:
processed 11170 tokens with 1230 phrases; found: 782 phrases; correct: 424.
accuracy:  41.35%; (non-O)
accuracy:  88.64%; precision:  54.22%; recall:  34.47%; FB1:  42.15
              LOC: precision:  75.27%; recall:  37.53%; FB1:  50.09  182
             MISC: precision:  40.32%; recall:  13.02%; FB1:  19.69  62
              ORG: precision:  47.51%; recall:  34.77%; FB1:  40.15  221
              PER: precision:  49.53%; recall:  42.32%; FB1:  45.64  317

2 random evaluation samples:
SENT: <unk> 0000 0000 0000 0000 0000 0000 0000
TRUE: I-ORG O O O O O O O
PRED: I-ORG O O O O O O O
SENT: An <unk> of <unk> has killed five people in the central Senegal town of <unk> , where health authorities have <unk> 0000 cases since August 0000 , a medical official said on Thursday .
TRUE: O O O O O O O O O O O I-LOC O O I-LOC O O O O O O O O O O O O O O O O O O O
PRED: O O O O O O O O O O O O O O O O O O O O O O O O O O O O O O O O O O

--- EPOCH 1 ---
Avg loss over last 500 updates: 4.920064360141754
Avg loss over last 500 updates: 4.636492661237717
Avg loss over last 500 updates: 4.49366982460022
Avg loss over last 500 updates: 4.014223772764206
Avg loss over last 500 updates: 4.0449021906852725
Avg loss over last 500 updates: 4.308735259056092
evaluating..
Evaluated 500
Avg evaluation loss:
processed 11170 tokens with 1230 phrases; found: 965 phrases; correct: 621.
accuracy:  57.43%; (non-O)
accuracy:  91.33%; precision:  64.35%; recall:  50.49%; FB1:  56.58
              LOC: precision:  84.30%; recall:  55.89%; FB1:  67.22  242
             MISC: precision:  68.27%; recall:  36.98%; FB1:  47.97  104
              ORG: precision:  51.64%; recall:  41.72%; FB1:  46.15  244
              PER: precision:  58.67%; recall:  59.30%; FB1:  58.98  375

2 random evaluation samples:
SENT: As a result of <unk> we are looking at <unk> <unk> more <unk> to see if the profit margins are <unk> enough to <unk> things like <unk> security . "
TRUE: O O O O O O O O O O O O O O O O O O O O O O O O O O O O O O
PRED: O O O O O O O O O O O O O O O O O O O O O O O O O O O O O O
SENT: <unk> 0000 0000 0000 0000 0000 0000 0000
TRUE: I-ORG O O O O O O O
PRED: I-ORG O O O O O O O

--- EPOCH 2 ---
Avg loss over last 500 updates: 3.473256866455078
Avg loss over last 500 updates: 3.3029755308628084
Avg loss over last 500 updates: 3.217262323141098
Avg loss over last 500 updates: 2.7635951170921325
Avg loss over last 500 updates: 3.11253982257843
Avg loss over last 500 updates: 3.2720011196136474
evaluating..
Evaluated 500
Avg evaluation loss:
processed 11170 tokens with 1230 phrases; found: 1061 phrases; correct: 703.
accuracy:  63.88%; (non-O)
accuracy:  92.44%; precision:  66.26%; recall:  57.15%; FB1:  61.37
              LOC: precision:  83.16%; recall:  66.30%; FB1:  73.78  291
             MISC: precision:  67.20%; recall:  43.75%; FB1:  53.00  125
              ORG: precision:  55.34%; recall:  48.01%; FB1:  51.42  262
              PER: precision:  60.57%; recall:  62.53%; FB1:  61.54  383

2 random evaluation samples:
SENT: With their fifth straight win , the Dodgers moved a <unk> ahead of the <unk> at the top of the <unk> <unk> <unk> behind <unk> ( <unk> ) , who allowed six hits and walked four with six <unk> .
TRUE: O O O O O O O I-ORG O O O O O O I-ORG O O O O O O O O O I-PER O O O O O O O O O O O O O O O
PRED: O O O O O O O I-ORG O O O O O O O O O O O O I-ORG I-ORG I-ORG O I-PER O O O O O O O O O O O O O O O
SENT: " When I saw the new draw I did n't have to change my <unk> , " <unk> said . "
TRUE: O O O O O O O O O O O O O O O O O I-PER O O O
PRED: O O O O O O O O O O O O O O O O O I-PER O O O

--- EPOCH 3 ---
Avg loss over last 500 updates: 2.831989966630936
Avg loss over last 500 updates: 2.485767373085022
Avg loss over last 500 updates: 2.4866414070129395
Avg loss over last 500 updates: 2.2478511319160464
Avg loss over last 500 updates: 2.375869701862335
Avg loss over last 500 updates: 2.7455313844680784
evaluating..
Evaluated 500
Avg evaluation loss:
processed 11170 tokens with 1230 phrases; found: 1065 phrases; correct: 755.
accuracy:  67.51%; (non-O)
accuracy:  93.32%; precision:  70.89%; recall:  61.38%; FB1:  65.80
              LOC: precision:  86.64%; recall:  69.32%; FB1:  77.02  292
             MISC: precision:  67.83%; recall:  50.52%; FB1:  57.91  143
              ORG: precision:  58.27%; recall:  53.64%; FB1:  55.86  278
              PER: precision:  69.03%; recall:  65.50%; FB1:  67.22  352

2 random evaluation samples:
SENT: " I <unk> this year , that without <unk> <unk> percent of your <unk> into tennis , I do n't think you can <unk> , " said the <unk> <unk> .
TRUE: O O O O O O O O O O O O O O O O O O O O O O O O O O O O O I-PER O
PRED: O O O O O O O O O O O O O O O O O O O O O O O O O O O O O O O
SENT: -DOCSTART-
TRUE: O
PRED: O

--- EPOCH 4 ---
Avg loss over last 500 updates: 2.225875608444214
Avg loss over last 500 updates: 2.0812369925975798
Avg loss over last 500 updates: 2.3039539890289307
Avg loss over last 500 updates: 1.8902299513816834
Avg loss over last 500 updates: 2.1555948119163513
Avg loss over last 500 updates: 2.2915075747966767
evaluating..
Evaluated 500
Avg evaluation loss:
processed 11170 tokens with 1230 phrases; found: 1133 phrases; correct: 771.
accuracy:  69.55%; (non-O)
accuracy:  93.31%; precision:  68.05%; recall:  62.68%; FB1:  65.26
              LOC: precision:  87.30%; recall:  73.42%; FB1:  79.76  307
             MISC: precision:  68.61%; recall:  48.96%; FB1:  57.14  137
              ORG: precision:  55.89%; recall:  54.97%; FB1:  55.43  297
              PER: precision:  61.99%; recall:  65.50%; FB1:  63.70  392

2 random evaluation samples:
SENT: Russian <unk> Alexander Lebed and Chechen separatist military leader <unk> <unk> started a new round of peace talks on Friday just outside the rebel region .
TRUE: I-MISC O I-PER I-PER O I-MISC O O O I-PER I-PER O O O O O O O O O O O O O O O
PRED: I-MISC I-ORG I-PER I-PER O I-MISC O O O I-PER I-PER O O O O O O O O O O O O O O O
SENT: SOCCER - FRENCH LEAGUE STANDINGS .
TRUE: O O I-MISC O O O
PRED: O O I-MISC O O O

--- EPOCH 5 ---
Avg loss over last 500 updates: 1.9840800876617433
Avg loss over last 500 updates: 1.7503022768497467
Avg loss over last 500 updates: 1.890585245847702
Avg loss over last 500 updates: 1.5972049436569213
Avg loss over last 500 updates: 1.8926214599609374
Avg loss over last 500 updates: 1.9356942439079285
evaluating..
Evaluated 500
Avg evaluation loss:
processed 11170 tokens with 1230 phrases; found: 1150 phrases; correct: 800.
accuracy:  71.26%; (non-O)
accuracy:  93.49%; precision:  69.57%; recall:  65.04%; FB1:  67.23
              LOC: precision:  85.11%; recall:  76.71%; FB1:  80.69  329
             MISC: precision:  69.66%; recall:  52.60%; FB1:  59.94  145
              ORG: precision:  58.42%; recall:  56.29%; FB1:  57.34  291
              PER: precision:  64.68%; recall:  67.12%; FB1:  65.87  385

2 random evaluation samples:
SENT: <unk> said he knew of no plans to return the man to Cuba .
TRUE: I-PER O O O O O O O O O O O I-LOC O
PRED: I-PER O O O O O O O O O O O I-LOC O
SENT: The <unk> will play nine first-class matches against
TRUE: O O O O O O O O
PRED: O O O O O O O O

--- EPOCH 6 ---
Avg loss over last 500 updates: 1.6935921683311463
Avg loss over last 500 updates: 1.5270705857276916
Avg loss over last 500 updates: 1.8160469324588775
Avg loss over last 500 updates: 1.449920220375061
Avg loss over last 500 updates: 1.6651613402366638
Avg loss over last 500 updates: 1.6163802752494811
evaluating..
Evaluated 500
Avg evaluation loss:
processed 11170 tokens with 1230 phrases; found: 1151 phrases; correct: 812.
accuracy:  72.14%; (non-O)
accuracy:  93.71%; precision:  70.55%; recall:  66.02%; FB1:  68.21
              LOC: precision:  83.73%; recall:  76.16%; FB1:  79.77  332
             MISC: precision:  73.24%; recall:  54.17%; FB1:  62.28  142
              ORG: precision:  57.57%; recall:  57.95%; FB1:  57.76  304
              PER: precision:  68.36%; recall:  68.73%; FB1:  68.55  373

2 random evaluation samples:
SENT: <unk> - <unk> <unk> figures <unk> to value of orders on books at end of period .
TRUE: O O O O O O O O O O O O O O O O O
PRED: O O I-PER O O O O O O O O O O O O O O
SENT: <unk> 's <unk> on the letter <unk> : " If his <unk> will say in writing on this <unk> he is <unk> to <unk> this man back to the <unk> , I will <unk> and <unk> him . "
TRUE: I-PER O O O O O O O O O O O O O O O O O O O O O O O O O O O O O O O O O O O O O O
PRED: I-PER O O O O O I-LOC O O O O O O O O O O O O O O O O O O O O O O O O O O O O O O O O

--- EPOCH 7 ---
Avg loss over last 500 updates: 1.5892527546882629
Avg loss over last 500 updates: 1.325544538974762
Avg loss over last 500 updates: 1.559903503894806
Avg loss over last 500 updates: 1.2924499542713166
Avg loss over last 500 updates: 1.4466335496902465
Avg loss over last 500 updates: 1.556989797115326
evaluating..
Evaluated 500
Avg evaluation loss:
processed 11170 tokens with 1230 phrases; found: 1128 phrases; correct: 815.
accuracy:  71.64%; (non-O)
accuracy:  93.85%; precision:  72.25%; recall:  66.26%; FB1:  69.13
              LOC: precision:  88.85%; recall:  76.44%; FB1:  82.18  314
             MISC: precision:  73.91%; recall:  53.12%; FB1:  61.82  138
              ORG: precision:  62.73%; recall:  56.29%; FB1:  59.34  271
              PER: precision:  65.19%; recall:  71.16%; FB1:  68.04  405

2 random evaluation samples:
SENT: 0000 - British <unk> Alan John <unk> ( <unk> ) Taylor died .
TRUE: O O I-MISC O I-PER I-PER I-PER I-PER I-PER I-PER I-PER O O
PRED: O O I-PER O I-PER I-PER I-PER O I-ORG O I-PER O O
SENT: At Leicester : <unk> drawn .
TRUE: O I-LOC O O O O
PRED: O I-LOC O O O O

--- EPOCH 8 ---
Avg loss over last 500 updates: 1.4099012126922608
Avg loss over last 500 updates: 1.2200849094390869
Avg loss over last 500 updates: 1.4808600077629088
Avg loss over last 500 updates: 1.0881998929977417
Avg loss over last 500 updates: 1.3294015636444092
Avg loss over last 500 updates: 1.3056118240356445
evaluating..
Evaluated 500
Avg evaluation loss:
processed 11170 tokens with 1230 phrases; found: 1154 phrases; correct: 825.
accuracy:  72.36%; (non-O)
accuracy:  93.95%; precision:  71.49%; recall:  67.07%; FB1:  69.21
              LOC: precision:  85.07%; recall:  78.08%; FB1:  81.43  335
             MISC: precision:  72.03%; recall:  53.65%; FB1:  61.49  143
              ORG: precision:  55.02%; recall:  56.29%; FB1:  55.65  309
              PER: precision:  72.75%; recall:  71.97%; FB1:  72.36  367

2 random evaluation samples:
SENT: <unk> and market <unk> are companies or <unk> <unk> as <unk> to maintain an <unk> market in a stock .
TRUE: O O O O O O O O O O O O O O O O O O O O
PRED: O O O O O O O O O O O O O O O O O O O O
SENT: Wednesday :
TRUE: O O
PRED: O O

--- EPOCH 9 ---
Avg loss over last 500 updates: 1.2343587799072266
Avg loss over last 500 updates: 1.2130972628593444
Avg loss over last 500 updates: 1.2494801821708679
Avg loss over last 500 updates: 0.996989107131958
Avg loss over last 500 updates: 1.2459222817420958
Avg loss over last 500 updates: 1.209302297115326
evaluating..
Evaluated 500
Avg evaluation loss:
processed 11170 tokens with 1230 phrases; found: 1171 phrases; correct: 830.
accuracy:  73.13%; (non-O)
accuracy:  94.00%; precision:  70.88%; recall:  67.48%; FB1:  69.14
              LOC: precision:  84.64%; recall:  80.00%; FB1:  82.25  345
             MISC: precision:  70.86%; recall:  55.73%; FB1:  62.39  151
              ORG: precision:  59.57%; recall:  55.63%; FB1:  57.53  282
              PER: precision:  66.92%; recall:  70.89%; FB1:  68.85  393

2 random evaluation samples:
SENT: Women 's <unk>
TRUE: O O O
PRED: O O O
SENT: Result of European <unk> championship group 0000 qualifier on Saturday :
TRUE: O O I-MISC O O O O O O O O
PRED: O O I-MISC I-MISC O O O O O O O

--- EPOCH 10 ---
Avg loss over last 500 updates: 1.181750958442688
Avg loss over last 500 updates: 0.9674693486690521
Avg loss over last 500 updates: 1.2690804748535156
Avg loss over last 500 updates: 0.9044306273460389
Avg loss over last 500 updates: 1.0337047839164735
Avg loss over last 500 updates: 1.1097560288906096
evaluating..
Evaluated 500
Avg evaluation loss:
processed 11170 tokens with 1230 phrases; found: 1129 phrases; correct: 835.
accuracy:  73.24%; (non-O)
accuracy:  94.23%; precision:  73.96%; recall:  67.89%; FB1:  70.79
              LOC: precision:  87.43%; recall:  80.00%; FB1:  83.55  334
             MISC: precision:  70.75%; recall:  54.17%; FB1:  61.36  147
              ORG: precision:  58.11%; recall:  56.95%; FB1:  57.53  296
              PER: precision:  75.85%; recall:  71.97%; FB1:  73.86  352

2 random evaluation samples:
SENT: NAC Breda 0000 Sparta Rotterdam 0000
TRUE: I-ORG I-ORG O I-ORG I-ORG O
PRED: I-ORG I-ORG O I-ORG I-ORG O
SENT: " The Foreign Ministry is trying to find out from the Greek embassy why Albanian refugees have been <unk> from Greece , " <unk> told Reuters .
TRUE: O O I-ORG I-ORG O O O O O O O I-MISC O O I-MISC O O O O O I-LOC O O I-PER O I-ORG O
PRED: O O I-ORG I-ORG O O O O O O O I-MISC O O I-MISC O O O O O I-LOC O O I-PER O I-ORG O

--- EPOCH 11 ---
Avg loss over last 500 updates: 1.0231508557796478
Avg loss over last 500 updates: 0.897362557888031
Avg loss over last 500 updates: 1.0143831586837768
Avg loss over last 500 updates: 0.8663146016597748
Avg loss over last 500 updates: 1.069003912448883
Avg loss over last 500 updates: 1.1289093093872071
evaluating..
Evaluated 500
Avg evaluation loss:
processed 11170 tokens with 1230 phrases; found: 1168 phrases; correct: 838.
accuracy:  73.18%; (non-O)
accuracy:  94.06%; precision:  71.75%; recall:  68.13%; FB1:  69.89
              LOC: precision:  85.46%; recall:  78.90%; FB1:  82.05  337
             MISC: precision:  70.07%; recall:  53.65%; FB1:  60.77  147
              ORG: precision:  59.48%; recall:  60.26%; FB1:  59.87  306
              PER: precision:  70.11%; recall:  71.43%; FB1:  70.76  378

2 random evaluation samples:
SENT: Both <unk> were in the <unk> <unk> region of <unk> , about 0000 miles ( 0000 <unk> ) southeast of <unk> <unk> , and were located within three miles of one another .
TRUE: O O O O O I-LOC O O O I-LOC O O O O O O O O O O I-LOC I-LOC O O O O O O O O O O O
PRED: O O O O O I-LOC I-LOC O O I-LOC O O O O O O O O O O O O O O O O O O O O O O O
SENT: SOCCER - <unk> <unk> <unk> <unk> <unk> <unk> .
TRUE: O O I-PER O I-ORG O O O O
PRED: O O I-ORG O O O O O O

--- EPOCH 12 ---
Avg loss over last 500 updates: 1.0304184312820435
Avg loss over last 500 updates: 0.983106504201889
Avg loss over last 500 updates: 1.0703880317211152
Avg loss over last 500 updates: 0.8624832382202149
Avg loss over last 500 updates: 0.9521709134578705
Avg loss over last 500 updates: 1.0890392200946808
evaluating..
Evaluated 500
Avg evaluation loss:
processed 11170 tokens with 1230 phrases; found: 1195 phrases; correct: 851.
accuracy:  74.28%; (non-O)
accuracy:  94.13%; precision:  71.21%; recall:  69.19%; FB1:  70.19
              LOC: precision:  82.73%; recall:  81.37%; FB1:  82.04  359
             MISC: precision:  71.24%; recall:  56.77%; FB1:  63.19  153
              ORG: precision:  63.30%; recall:  55.96%; FB1:  59.40  267
              PER: precision:  66.35%; recall:  74.39%; FB1:  70.14  416

2 random evaluation samples:
SENT: <unk> 0000 0000 0000 0000 0000 0000 0000
TRUE: I-ORG O O O O O O O
PRED: I-ORG O O O O O O O
SENT: <unk> Mushtaq b Harris 0000
TRUE: I-PER I-PER O I-PER O
PRED: I-PER I-PER O I-PER O

--- EPOCH 13 ---
Avg loss over last 500 updates: 0.9701190729141236
Avg loss over last 500 updates: 0.8346420016288757
Avg loss over last 500 updates: 1.0147185139656067
Avg loss over last 500 updates: 0.821208624124527
Avg loss over last 500 updates: 0.9551130294799804
Avg loss over last 500 updates: 0.9774603109359741
evaluating..
Evaluated 500
Avg evaluation loss:
processed 11170 tokens with 1230 phrases; found: 1182 phrases; correct: 843.
accuracy:  73.79%; (non-O)
accuracy:  93.97%; precision:  71.32%; recall:  68.54%; FB1:  69.90
              LOC: precision:  85.34%; recall:  81.37%; FB1:  83.31  348
             MISC: precision:  73.33%; recall:  57.29%; FB1:  64.33  150
              ORG: precision:  63.39%; recall:  53.31%; FB1:  57.91  254
              PER: precision:  63.95%; recall:  74.12%; FB1:  68.66  430

2 random evaluation samples:
SENT: South African company results expected next week include the
TRUE: I-MISC I-MISC O O O O O O O
PRED: I-MISC I-MISC O O O O O O O
SENT: Result of European <unk> championship group 0000 qualifier on Saturday :
TRUE: O O I-MISC O O O O O O O O
PRED: O O I-MISC O O O O O O O O

--- EPOCH 14 ---
Avg loss over last 500 updates: 0.9174632091522217
Avg loss over last 500 updates: 0.7839672341346741
Avg loss over last 500 updates: 0.8817183277606964
Avg loss over last 500 updates: 0.649165623664856
Avg loss over last 500 updates: 0.8069895358085633
Avg loss over last 500 updates: 0.8562613372802734
evaluating..
Evaluated 500
Avg evaluation loss:
processed 11170 tokens with 1230 phrases; found: 1206 phrases; correct: 850.
accuracy:  74.72%; (non-O)
accuracy:  94.06%; precision:  70.48%; recall:  69.11%; FB1:  69.79
              LOC: precision:  83.47%; recall:  81.64%; FB1:  82.55  357
             MISC: precision:  65.71%; recall:  59.90%; FB1:  62.67  175
              ORG: precision:  58.89%; recall:  52.65%; FB1:  55.59  270
              PER: precision:  68.81%; recall:  74.93%; FB1:  71.74  404

2 random evaluation samples:
SENT: 4. <unk> <unk> ( Kenya ) <unk>
TRUE: O I-PER I-PER O I-LOC O O
PRED: O I-PER I-PER O I-LOC O O
SENT: <unk> <unk> 1996-08-25
TRUE: I-LOC I-LOC O
PRED: I-LOC I-LOC O

valid_losses, mean_train_losses_per_epoch
([7.104815674246403,
  4.3280406767861885,
  3.1599688908858607,
  2.538894879016263,
  2.1623280481288307,
  1.8578439527784871,
  1.6368309160770729,
  1.4537573991811763,
  1.322657959293901,
  1.2051767249553524,
  1.0862931097460071,
  1.0165278404776814,
  1.0077359922448097,
  0.9268198661636888,
  0.8218335446907066],
 [5.118973415791988,
  3.8628221207857134,
  3.4379965376853945,
  3.1980956622958185,
  3.1314550161361696,
  3.099274071753025,
  3.1290095712244512,
  3.255548040866852,
  3.155438228100538,
  3.162954294383526,
  3.1927778741717336,
  3.419672277420759,
  3.4400041531026364,
  3.644603202342987,
  3.6136039873957633],
 [(54.21994884910486, 34.47154471544715, 42.14711729622266),
  (64.35233160621762, 50.48780487804878, 56.583143507972665),
  (66.25824693685203, 57.15447154471545, 61.370580532518545),
  (70.89201877934272, 61.382113821138205, 65.79520697167756),
  (68.04942630185349, 62.68292682926829, 65.25603046974186),
  (69.56521739130434, 65.04065040650406, 67.22689075630251),
  (70.54735013032146, 66.01626016260163, 68.20663586728266),
  (72.25177304964538, 66.26016260162602, 69.12637828668363),
  (71.49046793760832, 67.07317073170732, 69.21140939597315),
  (70.87959009393681, 67.47967479674797, 69.13785922532279),
  (73.95925597874225, 67.88617886178862, 70.79270877490461),
  (71.74657534246576, 68.130081300813, 69.89157631359465),
  (71.2133891213389, 69.1869918699187, 70.18556701030928),
  (71.31979695431471, 68.53658536585367, 69.90049751243781),
  (70.48092868988391, 69.10569105691057, 69.78653530377667)])

precisions, recalls, f1s
([54.21994884910486,
  64.35233160621762,
  66.25824693685203,
  70.89201877934272,
  68.04942630185349,
  69.56521739130434,
  70.54735013032146,
  72.25177304964538,
  71.49046793760832,
  70.87959009393681,
  73.95925597874225,
  71.74657534246576,
  71.2133891213389,
  71.31979695431471,
  70.48092868988391],
 [34.47154471544715,
  50.48780487804878,
  57.15447154471545,
  61.382113821138205,
  62.68292682926829,
  65.04065040650406,
  66.01626016260163,
  66.26016260162602,
  67.07317073170732,
  67.47967479674797,
  67.88617886178862,
  68.130081300813,
  69.1869918699187,
  68.53658536585367,
  69.10569105691057],
 [42.14711729622266,
  56.583143507972665,
  61.370580532518545,
  65.79520697167756,
  65.25603046974186,
  67.22689075630251,
  68.20663586728266,
  69.12637828668363,
  69.21140939597315,
  69.13785922532279,
  70.79270877490461,
  69.89157631359465,
  70.18556701030928,
  69.90049751243781,
  69.78653530377667])


